Godot Engine v4.7.stable.official.5b4e0cb0f - https://godotengine.org

==============================================================================
INSECTARIUM - A* PATHFINDING BENCHMARK
==============================================================================
Godot: 4.7-stable (official)
Templates measured: 27   Queries per template: 200

------------------------------------------------------------------------------
template                       cells  obs  points  solid% build ms  query ms   comp strnd     fail
------------------------------------------------------------------------------
1x1_room_corner1                   1    4     112   50.9%    0.211    0.0043      1     0        0
1x1_room_corner2                   1    4     112   51.8%    0.188    0.0038      1     0        0
1x1_room_pillars                   1    4     112   62.5%    0.315    0.0053      1     0        0
1x1_room_2vertical                 1    2     112   46.4%    0.240    0.0038      1     0        0
1x1_room_diamond                   1    4     112   55.4%    0.198    0.0032      2     3       19
1x1_room_2horizontal               1    2     112   46.4%    0.396    0.0060      1     0        0
2x2_room_corner                    4   13     405   31.4%    0.357    0.0056      1     0        0
dungeon                            4    4     405   25.7%    0.283    0.0091      1     0        0
2x2_room_fortress                  4    5     405   29.4%    0.366    0.0058      1     0        0
2x2_room_pillars                   4    4     405   30.1%    0.380    0.0079      1     0        0
2x1_room_zigzag                    2    3     210   37.1%    0.457    0.0049      1     0        0
2x1_room_pillars                   2    8     210   54.3%    0.295    0.0049      1     0        0
2x1_room_dividers                  2    4     210   37.1%    0.426    0.0076      1     0        0
2x1_room_center                    2    5     210   42.9%    0.294    0.0066      1     0        0
1x2_room_diamond                   2    4     216   42.1%    0.260    0.0110      3    63      110
1x2_room_dividers                  2    2     216   37.5%    0.313    0.0104      1     0        0
1x2_room_pillars                   2    8     216   53.7%    0.280    0.0071      1     0        0
1x2_room_zigzag                    2    3     216   39.4%    0.414    0.0107      1     0        0
L_room_nobottomleft_dividers       3    4     405   50.4%    0.570    0.0131      1     0        0
L_room_nobottomleft_pillars        3    3     405   50.4%    0.442    0.0154      1     0        0
L_room_nobottomright_dividers      3    4     405   49.6%    0.386    0.0091      1     0        0
L_room_nobottomright_pillars       3    3     405   49.6%    0.312    0.0063      1     0        0
L_room_notopleft_dividers          3    4     405   50.1%    0.728    0.0198      1     0        0
L_room_notopleft_pillars           3    3     405   50.1%    0.338    0.0085      1     0        0
L_room_notopright_dividers         3    4     405   49.6%    0.265    0.0148      1     0        0
L_room_notopright_pillars          3    3     405   49.6%    0.346    0.0058      1     0        0
1x1_room_center                    1    1     112   43.8%    0.136    0.0026      1     0        0

------------------------------------------------------------------------------
Grouped by room size (number of 320x180 grid cells)
------------------------------------------------------------------------------
cells    templates     points   build ms    query ms   path len   fail%
1        7                112      0.241      0.0041        6.4   1.39%
2        8                213      0.342      0.0079        8.4   6.92%
3        8                405      0.423      0.0116       11.0   0.00%
4        4                405      0.346      0.0071       10.5   0.00%

==============================================================================
CSV - per template
==============================================================================
template,cells,obstacles,grid_points,walkable_points,solid_pct,build_ms,query_mean_ms,query_max_ms,queries,failures,fail_pct,components,largest_component,stranded_points,path_len_mean
1x1_room_corner1,1,4,112,55,50.89,0.2110,0.0043,0.0230,198,0,0.00,1,55,0,5.39
1x1_room_corner2,1,4,112,54,51.79,0.1880,0.0038,0.0140,195,0,0.00,1,54,0,5.28
1x1_room_pillars,1,4,112,42,62.50,0.3150,0.0053,0.1440,196,0,0.00,1,42,0,5.37
1x1_room_2vertical,1,2,112,60,46.43,0.2400,0.0038,0.0170,193,0,0.00,1,60,0,6.31
1x1_room_diamond,1,4,112,50,55.36,0.1980,0.0032,0.0110,194,19,9.79,2,47,3,9.49
1x1_room_2horizontal,1,2,112,60,46.43,0.3960,0.0060,0.0300,197,0,0.00,1,60,0,6.64
2x2_room_corner,4,13,405,278,31.36,0.3570,0.0056,0.0360,198,0,0.00,1,278,0,9.74
dungeon,4,4,405,301,25.68,0.2830,0.0091,0.0560,199,0,0.00,1,301,0,11.09
2x2_room_fortress,4,5,405,286,29.38,0.3660,0.0058,0.0390,200,0,0.00,1,286,0,10.29
2x2_room_pillars,4,4,405,283,30.12,0.3800,0.0079,0.0460,200,0,0.00,1,283,0,10.84
2x1_room_zigzag,2,3,210,132,37.14,0.4570,0.0049,0.0190,199,0,0.00,1,132,0,7.89
2x1_room_pillars,2,8,210,96,54.29,0.2950,0.0049,0.0300,200,0,0.00,1,96,0,7.39
2x1_room_dividers,2,4,210,132,37.14,0.4260,0.0076,0.0310,199,0,0.00,1,132,0,7.60
2x1_room_center,2,5,210,120,42.86,0.2940,0.0066,0.0230,200,0,0.00,1,120,0,8.31
1x2_room_diamond,2,4,216,125,42.13,0.2600,0.0110,0.0620,198,110,55.56,3,62,63,5.13
1x2_room_dividers,2,2,216,135,37.50,0.3130,0.0104,0.0280,198,0,0.00,1,135,0,10.86
1x2_room_pillars,2,8,216,100,53.70,0.2800,0.0071,0.0260,197,0,0.00,1,100,0,10.06
1x2_room_zigzag,2,3,216,131,39.35,0.4140,0.0107,0.0600,199,0,0.00,1,131,0,9.88
L_room_nobottomleft_dividers,3,4,405,201,50.37,0.5700,0.0131,0.0670,200,0,0.00,1,201,0,12.01
L_room_nobottomleft_pillars,3,3,405,201,50.37,0.4420,0.0154,0.0630,199,0,0.00,1,201,0,10.43
L_room_nobottomright_dividers,3,4,405,204,49.63,0.3860,0.0091,0.0370,200,0,0.00,1,204,0,11.74
L_room_nobottomright_pillars,3,3,405,204,49.63,0.3120,0.0063,0.0720,200,0,0.00,1,204,0,10.13
L_room_notopleft_dividers,3,4,405,202,50.12,0.7280,0.0198,0.0840,197,0,0.00,1,202,0,12.39
L_room_notopleft_pillars,3,3,405,202,50.12,0.3380,0.0085,0.0350,200,0,0.00,1,202,0,9.89
L_room_notopright_dividers,3,4,405,204,49.63,0.2650,0.0148,0.0840,199,0,0.00,1,204,0,12.07
L_room_notopright_pillars,3,3,405,204,49.63,0.3460,0.0058,0.0280,200,0,0.00,1,204,0,9.65
1x1_room_center,1,1,112,63,43.75,0.1360,0.0026,0.0070,197,0,0.00,1,63,0,6.36

==============================================================================
TEMPLATES WITH A FRAGMENTED WALKABLE GRID
==============================================================================
  1x1_room_diamond               components=2  walkable=50  largest=47  stranded=3  failed queries=19/194 (9.8%)
  1x2_room_diamond               components=3  walkable=125  largest=62  stranded=63  failed queries=110/198 (55.6%)

Benchmark finished.
